238627
240812
16392
243898
23591
25952
26170
130994
233435
213880
191821
223325
249535
254582
256147
257270
257476
258443
258529
259653
259796
260581
278815
283874
296365
311922
346242
835740
840235
861965
878146
892212
938767
1021530
1017836
1151456
25737
26236
27140
28442
29252
42137
1249336
914999
1252848
1154566
863251
1607792
1255144
965015
912447
944379
973278
974338
977365
1001084
1005735
1012896
1043769
1083042
1254307
1423364
1427086
1456305
1483860
1495816
11604
11645
16992
17681
17303
23573
25645
43188
17377
561265
17794
17867
23677
395978
249403
248517
258594
268919
279470
281882
283271
287994
322012
963926
965825
978374
1003400
1028499
1137051
9113
10027
12616
36411
37270
37508
40118
42344
894263
925944
902659
942907
916119
937847
974757
983493
986872
1011962
1029029
1029013
499406
157179
242407
271115
265542
270653
271895
284904
287795
289790
294222
310556
313893
333672
338115
342850
351495
355098
381184
381382
9093
15415
193085
282005
283915
375336
7025
7055
7071
7211
8460
7302
7679
7721
8314
8669
11673
251937
239736
245491
244900
256865
258013
266564
287212
314042
316089
332728
330056
325980
335369
985197
998447
1009810
1041482
1154285
1555916
1558064
1639219
154499
114357
130162
246031
238532
255322
290413
296878
297693
319138
343906
19597
20555
23618
23534
29147
28715
33986
36169
43134
261321
261159
300051
308178
316960
330023
339623
360324
1189178
1221673
1529331
1634180
12327
13004
12963
15323
15299
16024
17400
31576
243700
255103
238745
237559
240513
259743
265074
291667
294334
300631
907712
951357
966803
969431
1002374
1037394
1039134
1037417
1037958
1254386
1426128
1440034
1481579
1591455
1592044
13175
20106
28391
42082
820302
820315
1190066
1000691
1151022
1194377
1194293
1261605
1256802
1263249
1285276
1373762
1435744
1499631
1446304
1445758
1458511
1536458
134227
119893
110497
105462
108829
114420
117870
252599
255134
243442
262076
268930
266625
272231
273504
290304
301389
306069
311905
319536
360314
382181
963722
995861
258947
261983
269273
280783
300335
300530
315857
343916
345563
958499
1047733
1062510
1150928
1502705
9882
12299
25283
25076
41244
958011
966268
983428
996377
1018201
1021826
1027631
1029584
1045619
10590
12466
12979
17632
17668
24075
27056
31784
7161
7332
8979
10117
10855
10252
12280
15907
238597
242490
252708
273295
241324
255992
413241
267459
269153
267885
284993
315766
336745
345640
844181
895056
1223029
1220921
1236085
7899
9078
9046
9817
9424
9736
9691
10238
25178
25757
35586
39328
39483
40549
232208
232428
239350
247506
253445
252946
253488
282073
265479
280812
291858
288461
325905
372408
384974
974673
996485
1002815
1003993
1004030
1032282
1114881
1195981
27607
28111
41527
252342
241013
250350
250377
254348
255570
261332
274953
294414
299203
324279
352573
828694
958727
963558
1003706
1016587
9487
11370
10933
14881
15330
23845
38417
33053
37859
435779
23213
24406
24249
49181
31239
30618
15994
16598
20142
38219
183878
215438
217610
240050
226187
229148
229510
234922
235235
249147
255288
255316
255978
281143
282638
290642
304681
339439
30884
26006
37500
232167
240465
250964
261819
262773
267561
272396
274156
313900
315249
331952
974943
981036
993285
992208
1058589
1147981
1154769
1152416
1157199
15860
20406
21947
19155
19258
27336
25427
29604
33521
30220
32713
38607
38617
38593
40114
388340
389487
252069
360666
360626
362095
362932
359743
374928
971748
984807
996786
1045204
1147596
1235084
1457246
1463003
1570686
1619004
1633742
8958
10698
13111
16692
226567
241086
208016
207227
242274
243803
245678
272337
291472
280956
291477
315159
312750
948826
950885
961497
964917
988748
1019265
1037228
1090449
1129455
1159023
1176653
1174356
1182968
1609469
1449598
1451030
1449497
1464985
1492110
1509946
1501367
1527249
1549623
1558920
1584200
1643371
1668914
1679245
16408
16109
19462
23138
23387
23373
30131
33887
283808
342401
270466
274493
281772
288312
297185
303274
302655
306977
306469
316737
321504
323094
340461
355515
371195
367200
376435
916492
957103
958275
973656
991861
1059028
14468
13802
355054
372387
18220
197858
218391
226174
228854
233357
242120
255004
255516
262528
285682
279148
273584
282045
302741
313852
315489
333832
369977
870102
861838
874809
940645
944650
973541
971779
992628
1004740
998806
1017725
1488791
1462576
1478584
1478784
1478765
1514331
1490106
1494601
1514928
1514753
1595258
9924
12137
26562
32379
42754
47552
72742
228290
228302
237027
237210
241389
238383
241375
246550
247654
257470
260502
272576
273192
282630
284331
284319
287125
297887
305199
321230
324110
329962
340185
341287
347639
944422
949924
959644
980386
986709
989129
1003294
1008726
1047860
1219607
1219675
1227908
33309
39932
335399
343041
344143
26642
38022
38955
988474
992839
1029891
27782
264536
283302
289333
290814
306676
316522
357474
376939
1626145
14584
17388
23159
23927
26126
46183
46230
46340
245500
243891
15656
16203
19123
19357
20075
23282
30171
7657
7783
8036
8022
8584
9362
9287
10385
11967
15717
25578
23809
35153
42887
194187
239801
239185
253423
255956
237451
243482
245733
255147
254860
262839
307594
309822
318808
336268
372781
376818
874273
935436
1008180
1011188
1011216
1036122
1033265
1469940
1470151
1472365
1529914
1565078
1571742
1568731
1583750
1604933
908698
791888
738301
241879
241844
244231
241819
246685
241913
244217
261298
259464
239367
239374
247417
251996
254917
260437
266605
268979
274494
283095
322076
330203
360599
372701
379376
302279
304232
305573
312393
313299
318607
348757
958916
1006805
1009372
1031290
1032324
1334631
1446679
1461224
296634
215350
218230
217914
192258
225039
225034
227865
228927
233167
222941
239296
241291
245972
245969
246590
254389
257895
270717
270676
276963
274684
278356
282508
284732
285374
287888
295453
294881
295495
310726
316181
322971
339522
10365
16255
16274
14188
17354
41074
240831
283364
239888
243941
249402
246259
247636
253741
255383
260209
260734
261219
261231
267435
266888
268159
269287
274544
283906
285080
286553
290667
304867
305337
314311
307706
308459
312909
315948
338196
339738
342679
393941
359044
1469766
1469708
1469814
1469854
1609767
12573
13204
19679
23173
93762
78264
110080
226649
235723
261753
241094
253469
257382
261713
265938
273679
343519
346808
373616
992246
992286
998049
1031067
1051051
1049350
1079630
1162188
1695112
14795
15441
19567
18589
27724
31678
30472
32806
40600
44943
51790
54220
916812
958172
953644
979816
979935
986502
1002458
1013527
1014522
1019224
1024384
1024116
1220298
10146
10818
11398
33576
25255
262420
8224
9850
13166
14077
14952
16061
16051
14611
33660
219336
228113
235766
240481
228827
239985
242231
243001
247513
252239
258435
259941
282213
281971
285329
290382
293618
348826
141436
139552
150336
411283
141448
748893
235263
289564
289653
298265
300845
361362
341827
368412
387095
953555
984878
990027
998328
1050518
1052843
1156438
24028
24213
24763
27640
29780
35526
35266
36230
972151
969812
982856
1028011
11019
11033
11211
13226
13945
16482
28659
285498
277487
280052
350943
879209
923016
939884
970020
980928
992776
1011824
1020512
1047619
1060030
1054709
1064839
1078739
1237740
1438743
14623
14122
17318
18444
20375
20370
23350
34084
41676
42154
214100
225667
235313
241692
252720
252805
254248
252816
253231
264968
280149
280672
285465
296138
295311
307561
321271
322562
1092329
957994
944155
945601
1015823
1018889
1047168
1029553
1038941
1069428
1176879
9752
9788
9648
9655
10126
11714
10962
13393
222669
267386
247613
248584
253058
269078
283603
311961
311954
335148
927419
1230719
1353817
17176
17185
17639
20487
113409
25775
118806
135508
11888
12355
15497
16911
18896
23787
25984
45060
24544
24156
26467
26475
26049
25708
26217
28367
15366
16150
15821
15556
16090
19021
19990
23999
24984
40363
57315
72765
209249
181153
183855
224790
273705
192070
273742
202694
205447
209240
222056
285752
289722
308307
290869
296456
293375
296085
293917
298635
301506
307198
308772
310620
311833
310913
315671
316439
358215
378115
334144
317401
336183
343372
322057
316545
350736
317117
11567
267862
576769
166068
36269
38395
42930
266231
241322
256750
297622
259694
267899
266217
267711
279102
278496
279186
282292
287648
291219
293628
300034
306384
314330
323159
337132
342338
341787
342274
342911
347410
348490
358776
381305
854993
938631
914208
873168
871899
895578
926577
931215
947239
950330
990195
1009041
1001329
1051867
1010018
1010734
1020036
1051832
12195
14093
14561
16666
19658
41256
997517
1032569
1137476
15756
16437
16335
18379
32117
36757
260977
262537
265912
270423
278378
282260
288820
291138
297169
298456
300806
302860
304637
304618
320487
346353
11633
365084
13436
13550
14339
14815
15474
256895
264215
281014
278511
294000
308396
308415
330231
342479
375501
341977
342522
12028
300074
14916
14224
14178
17813
348715
29268
257210
264501
264495
266831
269635
280773
285105
287510
286206
297501
291072
295426
301112
301663
301624
307126
321570
323627
321127
915810
1222159
1271678
1242424
12680
23609
23517
23491
24147
26527
25185
23509
30142
31401
33811
252371
256887
236768
255573
258050
273814
273508
277022
279130
303833
312262
317472
332569
340322
839474
851352
883190
887923
935952
961824
974280
974714
1018186
1018387
1072748
1324187
235944
237627
240238
245820
247604
250181
251754
251346
251132
263967
269347
293976
316810
970943
1116063
916365
874879
892759
892771
899030
900796
916399
917090
925573
930689
930626
944772
945134
951181
946980
947540
968225
986205
987768
992584
992613
997533
998432
1008547
1031685
1040031
1175356
1275415
1428762
992799
1327456
1008024
1327480
1014139
1340855
963152
989757
1020325
1063917
958026
968581
984775
1252573
1281963
1056183
1092019
37062
38759
37076
37701
37688
192348
235784
240920
245771
269113
259907
269843
269096
269043
275228
294080
307653
872975
880643
884964
913233
921879
1170562
1004681
1005122
1010650
1014117
1016136
1021968
1022057
1023542
1027315
1034852
1044538
1046899
1045984
1046736
1048378
1291638
1467526
1486321
1553931
1553005
1588331
1591321


